0         N51             51    16487553877610034680                   38.94104                    38.9410                  -76.979591                    -76.9796                1,736                 WOODRIDGE
1         N50             50    15380958484324757070                  38.928732                    38.9287                  -77.061356                    -77.0614                2,733              WOODLEY PARK
2         N49             49     8026589382367244944                  38.834181                    38.8342                  -76.995522                    -76.9955                  575      WASHINGTON HIGHLANDS
3         N48             48    11973650128986425938                   38.90047                    38.9005                  -76.999419                    -76.9994                4,494             UNION STATION
4         N47             47     9520403452193968269                   38.92088                    38.9209                  -77.022055                    -77.0221                3,016             U ST/PLEASANT
5         N46             46    16065864399860961831                  38.870516                    38.8705                  -76.960454                    -76.9605                2,430                   TWINING
6         N45             45     6888501987216221300                  38.905096                    38.9051                  -76.981965                    -76.9820                2,125                  TRINIDAD
7         N44             44     5077901700792186832                  38.948411                    38.9484                  -77.078583                    -77.0786                3,802                TENLEYTOWN
8         N43             43     4983903547715170085                  38.879783                    38.8798                  -77.007714                    -77.0077                3,867             SW/WATERFRONT
9         N42             42    10132939188587270807                  38.889482                    38.8895                   -76.97461                    -76.9746                   12            STADIUM ARMORY
10        N41             41     3415983945917951152                  38.923131                    38.9231                  -77.032085                    -77.0321                1,431    SOUTH COLUMBIA HEIGHTS
11        N40             40     5043217752610606459                  38.978383                    38.9784                  -77.039256                    -77.0393                1,755             SHEPHERD PARK
12        N39             39    15345369718719491694                  38.855417                    38.8554                  -76.999005                    -76.9990                  768          SAINT ELIZABETHS
13        N38             38     2208134900652613466                  38.945317                    38.9453                  -77.017694                    -77.0177                2,606                  PETWORTH
14        N37             37    15270265578435947048                  38.862223                    38.8622                  -76.965339                    -76.9653                2,040          NAYLOR/HILLCREST
15        N34             34    10114259294507568604                  38.932287                    38.9323                  -77.042249                    -77.0422                1,754            MOUNT PLEASANT
16        N33             33     7773108383798979525                  38.944575                    38.9446                  -76.998892                    -76.9989                2,253             MICHIGAN PARK
17        N32             32    12607034755915955610                   38.88323                    38.8832                  -76.931894                    -76.9319                1,645          MARSHALL HEIGHTS
18        N31             31    12719266552749361428                  38.909469                    38.9095                  -77.029818                    -77.0298                4,583         LOGAN CIRCLE/SHAW
19        N30             30    13887195772098825599                  38.898453                    38.8985                  -76.926042                    -76.9260                1,826           LINCOLN HEIGHTS
20        N29             29    13409486047770258527                  38.957874                    38.9579                  -77.004004                    -77.0040                2,344              LAMOND RIGGS
21        N28             28    16818253086284663531                  38.893967                    38.8940                  -76.978477                    -76.9785                2,685              KINGMAN PARK
22        N27             27     4447801324098004894                  38.917328                    38.9173                  -77.101583                    -77.1016                3,622            KENT/PALISADES
23        N26             26    17796675769478551747                  38.860593                    38.8606                   -76.98515                    -76.9852                1,154        HISTORIC ANACOSTIA
24        N25             25     4575348349939137353                  38.881316                    38.8813                  -76.985487                    -76.9855                1,657                 HILL EAST
25        N24             24     5564535777402420923                  38.900174                    38.9002                  -77.051169                    -77.0512                1,524                       GWU
26        N23             23    10576807790810701363                  38.904055                    38.9041                  -77.059157                    -77.0592                3,131           GEORGETOWN EAST
27        N22             22     7963853345332363248                  38.904229                    38.9042                  -77.072271                    -77.0723                  802                GEORGETOWN
28        N21             21     3704272343235770994                    38.9149                    38.9149                  -76.968836                    -76.9688                1,965      FORT LINCOLN/GATEWAY
29        N20             20      253478537646668118                  38.887667                    38.8877                  -76.946793                    -76.9468                1,569               FORT DUPONT
30        N19             19    10312375166608761232                  38.951127                    38.9511                   -77.05414                    -77.0541                2,336              FOREST HILLS
31        N18             18    12669778042903320689                  38.923494                    38.9235                   -77.00204                    -77.0020                1,434                  EDGEWOOD
32        N17             17     6577856537589027542                   38.90015                    38.9002                  -76.941341                    -76.9413                1,121          EASTLAND GARDENS
33        N16             16    14549004495116554404                  38.845848                    38.8458                  -76.976624                    -76.9766                  774                  DOUGLASS
34        N15             15     3295283355522264513                  38.934629                    38.9346                  -77.011798                    -77.0118                  226         DC MEDICAL CENTER
35        N14             14     6006328855593562217                  38.838667                    38.8387                  -76.990492                    -76.9905                1,119  CONGRESS HEIGHTS/SHIPLEY
36        N13             13      622186227446476845                  38.931617                    38.9316                  -77.025858                    -77.0259                3,565          COLUMBIA HEIGHTS
37        N12             12    16576458363237008501                  38.901499                    38.9015                  -77.022966                    -77.0230                3,419                 CHINATOWN
38        N11             11    10486975440798323960                  38.960516                    38.9605                  -77.064098                    -77.0641                1,584               CHEVY CHASE
39        N10             10     4638215805866405879                  38.929324                    38.9293                  -77.076614                    -77.0766                3,495         CATHEDRAL HEIGHTS
40         N9              9    11755600708063787700                  38.886452                    38.8865                  -76.998013                    -76.9980                2,669              CAPITOL HILL
41         N8              8    16045537732498023199                  38.956286                    38.9563                  -77.018002                    -77.0180                1,745           BRIGHTWOOD PARK
42         N7              7     4192120350055069825                   38.96807                    38.9681                  -77.037031                    -77.0370                2,565                BRIGHTWOOD
43         N6              6    18025228203699806494                  38.924339                    38.9243                  -76.986453                    -76.9865                1,841                 BRENTWOOD
44         N5              5     5495023323830406268                  38.917682                    38.9177                  -77.009604                    -77.0096                2,833              BLOOMINGDALE
45         N4              4    14394915531697446610                  38.822667                    38.8227                  -77.017229                    -77.0172                1,348                  BELLEVUE
46         N3              3     3405038790401419721                  38.972685                    38.9727                  -77.045474                    -77.0455                1,808             BARNABY WOODS
47         N2              2     4278018145812373418                  38.920998                    38.9210                  -77.042927                    -77.0429                4,046              ADAMS MORGAN
48         N1              1     7110792365695894070                  38.944578                    38.9446                  -77.040007                    -77.0400                3,533           16th ST HEIGHTS
